"cholost" <-
structure(list(V1 = c(0, 27, 71, 95, 0, 28, 71, 95, 0, 29, 72, 
95, 0, 31, 72, 95, 2, 32, 73, 95, 2, 32, 74, 95, 2, 33, 75, 95, 
3, 33, 76, 95, 3, 34, 77, 96, 4, 34, 77, 96, 4, 34, 78, 96, 7, 
34, 78, 96, 8, 35, 81, 96, 8, 36, 82, 96, 8, 36, 84, 96, 8, 37, 
85, 96, 9, 38, 85, 97, 9, 41, 87, 97, 9, 43, 87, 97, 10, 45, 
87, 97, 10, 45, 87, 98, 11, 47, 87, 98, 12, 50, 88, 98, 13, 50, 
89, 98, 15, 51, 90, 98, 15, 51, 90, 98, 16, 52, 91, 98, 16, 53, 
92, 98, 17, 54, 92, 98, 18, 54, 92, 99, 20, 56, 92, 99, 20, 57, 
93, 99, 21, 57, 93, 99, 21, 58, 93, 100, 21, 60, 93, 100, 22, 
62, 93, 100, 24, 64, 94, 100, 25, 64, 94, 100, 25, 64, 94, 100, 
26, 67, 94, 100, 27, 68, 95, 100), V2 = c(-5.25, -1.5, 59.5, 
32.5, -7.25, 23.5, 14.75, 70.75, -6.25, 33, 63, 18.25, 11.5, 
4.25, 0, 76, 21, 18.75, 42, 75.75, -23, 8.5, 41.25, 78.75, 5.75, 
3.25, 36.25, 54.75, 3.25, 27.75, 66.5, 77, 8.75, 30.75, 61.75, 
68, 8.25, -1.5, 14, 73, -10.25, 1, 36, 28.75, -10.5, 7.75, 39.5, 
26.75, 19.75, -15.75, 1, 56, -0.5, 33.5, 53.5, 47.5, 29.25, 36.25, 
46.5, 30.25, 36.25, 5.5, 51, 21, 10.75, 25.5, 39, 79, 19.5, 20.25, 
-0.25, 69, 17.25, 33.25, 1, 80, 3.5, 56.75, 46.75, 86, 11.25, 
4.25, 11.5, 54.75, -13, 32.5, 2.75, 26.75, 24, 54.5, 48.75, 80, 
2.5, -4.25, 56.75, 42.25, 3, 42.75, 29.25, 6, 5.5, 62.75, 72.5, 
104.75, 21.25, 64.25, 41.75, 94.25, 29.75, 30.25, 48.5, 41.25, 
7.5, 14.75, 61.25, 40.25, -16.5, 47.25, 29.5, 51.5, 4.5, 18, 
59.75, 82.75, 39, 13.75, 71, 85, -5.75, 48.75, 37.75, 70, -21, 
43, 41, 92, 0.25, 27.75, 9.75, 73.75, -10.25, 44.5, 53.75, 54, 
-0.5, 22.5, 62.5, 69.5, -19, -14.5, 39, 101.5, 15.75, -20.75, 
3.25, 68, 6, 46.25, 60, 44.75, 10.5, 39.5, 113.25, 86.75)), class = "data.frame", row.names = c("1", 
"2", "3", "4", "5", "6", "7", "8", "9", "10", "11", "12", "13", 
"14", "15", "16", "17", "18", "19", "20", "21", "22", "23", "24", 
"25", "26", "27", "28", "29", "30", "31", "32", "33", "34", "35", 
"36", "37", "38", "39", "40", "41", "42", "43", "44", "45", "46", 
"47", "48", "49", "50", "51", "52", "53", "54", "55", "56", "57", 
"58", "59", "60", "61", "62", "63", "64", "65", "66", "67", "68", 
"69", "70", "71", "72", "73", "74", "75", "76", "77", "78", "79", 
"80", "81", "82", "83", "84", "85", "86", "87", "88", "89", "90", 
"91", "92", "93", "94", "95", "96", "97", "98", "99", "100", 
"101", "102", "103", "104", "105", "106", "107", "108", "109", 
"110", "111", "112", "113", "114", "115", "116", "117", "118", 
"119", "120", "121", "122", "123", "124", "125", "126", "127", 
"128", "129", "130", "131", "132", "133", "134", "135", "136", 
"137", "138", "139", "140", "141", "142", "143", "144", "145", 
"146", "147", "148", "149", "150", "151", "152", "153", "154", 
"155", "156", "157", "158", "159", "160", "161", "162", "163", 
"164"))
