"hormone" <-
structure(list(Lot = c("A", "A", "A", "A", "A", "A", "A", "A", "A", 
   "B", "B", "B", "B", 
"B", "B", "B", "B", "B", "C","C" , "C", "C", "C", "C", "C", "C", "C"), 
hrs = c(99, 152, 293, 
155, 196, 53, 184, 171, 52, 376, 385, 402, 29, 76, 296, 151, 
177, 209, 119, 188, 115, 88, 58, 49, 150, 107, 125), amount = c(25.8, 
20.5, 14.3, 23.2, 20.6, 31.1, 20.9, 20.9, 30.4, 16.3, 11.6, 11.8, 
32.5, 32, 18, 24.1, 26.5, 25.8, 28.8, 22, 29.7, 28.9, 32.8, 32.5, 
25.4, 31.7, 28.5)), class = "data.frame", row.names = c("1", 
"2", "3", "4", "5", "6", "7", "8", "9", "10", "11", "12", "13", 
"14", "15", "16", "17", "18", "19", "20", "21", "22", "23", "24", 
"25", "26", "27"))
