"lutenhorm" <-
structure(list(V1 = c(1, 2, 3, 4, 5, 6, 7, 8, 9, 10, 11, 12, 
13, 14, 15, 16, 17, 18, 19, 20, 21, 22, 23, 24, 25, 26, 27, 28, 
29, 30, 31, 32, 33, 34, 35, 36, 37, 38, 39, 40, 41, 42, 43, 44, 
45, 46, 47, 48), V2 = c(2.2, 2.2, 2.3, 2, 1.6, 1.4, 1.8, 2.2, 
2.9, 2.6, 2.4, 2.1, 3, 2.5, 2.7, 2.2, 2.4, 2.7, 3.1, 2.5, 2.4, 
2.3, 2.4, 1.9, 3.3, 3.8, 3.7, 3.5, 3.1, 2.7, 4.1, 4, 3.4, 3.2, 
3.7, 3.6, 4.1, 2, 4.6, 4.1, 3.2, 2.9, 2.7, 3, 0, 0, 0, 0), V3 = c(5.5, 
4.5, 5.1, 5.5, 5.7, 5.1, 4.3, 4.8, 5.6, 5.9, 6, 5.1, 5.2, 4.4, 
5.5, 5.4, 4.1, 4.4, 4.7, 4.6, 6, 5.6, 5.1, 4.7, 4.8, 5.5, 5.1, 
5.2, 5, 4, 3.7, 4.8, 5.9, 5.5, 4.9, 4.4, 4.7, 4.2, 5.5, 4.9, 
4.8, 4.5, 4.9, 4.9, 4.5, 4.2, 4.9, 5.9), V4 = c(2.4, 2.4, 2.4, 
2.2, 2.1, 1.5, 2.3, 2.3, 2.5, 2, 1.9, 1.7, 2.2, 1.8, 3.2, 3.2, 
2.7, 2.2, 2.2, 1.9, 1.9, 1.8, 2.7, 3, 2.3, 2, 2, 2.9, 2.9, 2.7, 
2.7, 2.3, 2.6, 2.4, 1.8, 1.7, 1.5, 1.4, 2.1, 3.3, 3.5, 3.5, 3.1, 
2.6, 2.1, 3.4, 3, 2.9), V5 = c(4.3, 4.6, 4.7, 4.1, 4.1, 5.2, 
5, 4.4, 4.2, 5.1, 5.1, 4.7, 4.4, 3.9, 5.4, 5.9, 4.2, 4.1, 4.1, 
3.6, 3.1, 4.8, 5.1, 5.1, 4.5, 4.6, 5.8, 5, 5.1, 4.5, 4.2, 6, 
5.6, 5.4, 5, 4.4, 4.6, 5.7, 5.2, 5, 4.4, 5.7, 5.7, 4.8, 3.4, 
5.5, 5.5, 5.6)), class = "data.frame", row.names = c("1", "2", 
"3", "4", "5", "6", "7", "8", "9", "10", "11", "12", "13", "14", 
"15", "16", "17", "18", "19", "20", "21", "22", "23", "24", "25", 
"26", "27", "28", "29", "30", "31", "32", "33", "34", "35", "36", 
"37", "38", "39", "40", "41", "42", "43", "44", "45", "46", "47", 
"48"))
