"mouse.c" <-
c(52, 104, 146, 10, 50, 31, 40, 27, 46)
