"mouse.t" <-
c(94, 197, 16, 38, 99, 141, 23)
